"Nice", 340, 370, 265, 290
"Tounon", 314, 345, 283, 310
"Marseille", 271, 312, 281, 307
"Montpelier", 220, 264, 281, 307
"Carcassone", 195, 236, 300, 328
"Foix", 168, 204, 308, 333
"Tarbes", 134, 161, 300, 328
"Pau", 91, 138, 293, 320
"Digne-Les-Bains", 308, 337, 257, 282
"Avignon", 283, 307, 264, 284
"Nimes", 245, 283, 264, 287
"Albi", 192, 222, 270, 296
"Toulouse", 160, 200, 282, 314
"Auch", 137, 174, 275, 301
"Mont-De-Marsan", 100, 142, 255, 291
"Rodez", 201, 239, 242, 286
"Gap", 306, 347, 231, 264
"Valence", 282, 310, 220, 262
"Privas", 258, 281, 223, 259
"Mende", 233, 258, 238, 267
"Cahors", 174, 205, 234, 263
"Agen", 141, 172, 247, 273
"Bordeaux", 109, 148, 219, 261
"Grenoble", 287, 328, 201, 241
"Le Puy En-Velay", 238, 271, 220, 242
"Aurillac", 206, 238, 218, 245
"Périgueux", 149, 184, 206, 249
"Chambéry", 309, 350, 198, 226
"Annecy", 311, 345, 176, 199
"Bourge-En-Bresse", 309, 330, 174, 199
"Lyon", 271, 290, 182, 210
"Saint-Etienne", 252, 276, 186, 215
"Clermont Ferrand", 217, 257, 188, 219
"Tulle", 182, 215, 206, 235
"Angoulème", 134, 167, 191, 222
"La Rochelle", 109, 138, 180, 226
"Limoges", 169, 197, 179, 213
"Guéret", 186, 216, 178, 210
"Lons-Le-Saunier", 299, 325, 142, 180
"Mâcon", 251, 295, 152, 180
"Moulins", 213, 157, 163, 190
"Pomers", 147, 175, 151, 187
"Niort", 125, 143, 150, 190
"La Roche-SurYon", 89, 126, 150, 178
"Châteauroux", 172, 204, 144, 175
"Bourges", 201, 229, 130, 166
"Nevers", 231, 258, 234, 164
"Tours", 149, 181, 126, 158
"Dijon", 262, 297, 113, 153
"Besançon", 308, 339, 130, 153
"Belfort", 333, 343, 117, 126
"Colmar", 338, 354, 98, 128
"Vesoul", 299, 331, 110, 135
"Auxerre", 229, 265, 99, 134
"Orléans", 191, 231, 101.127
"Belios", 169, 206, 110, 142
"Angers", 113, 152, 122, 146
"Nantes", 78, 115, 122, 156
"Vannes", 52, 89, 102, 127
"Quimper", 20, 51, 78, 112
"Saint-Brieuc", 53, 93, 74, 102
"Rennes", 88, 117, 85, 116
"Laval", 118, 141, 93, 117
"Le Mans", 139, 169, 94, 128
"Chartres", 171, 201, 86, 111
"Aleçon", 129, 170, 75, 92
"Saint-Lô", 101, 122, 43, 85
"Cean", 124, 157, 57, 74
"Epinal", 301, 340, 93, 112
"Chaumont", 278, 306, 86, 124
"Troyes", 245, 279, 86, 111
"Nancy", 305, 339, 70, 93
"Strasbourg", 343, 367, 65, 96
"Metz", 313, 344, 50, 78
"Bar-Le-Duc", 284, 302, 50, 92
"Châlong-En-Champagne", 247, 282, 58, 84
"Charleville-Mézières", 258, 286, 30, 58
"Laon", 233, 255, 29, 66
"Beauvais", 196, 229, 45, 67
"Rouen", 154, 192, 34, 50
"Amiens", 190, 231, 22, 42
"Arras", 193, 228, 2, 22
"Lille", 243, 259, 2, 26
"Bastia", 366, 395, 291, 315
"Ajaccio", 372, 395, 319, 338
"Créteil Melun", 217, 241, 85, 102
"Evry", 197, 213, 82, 98
"Paris", 205, 218, 70, 82
"Nanterre Versailles", 165, 190, 68, 82
"Evreux", 161, 191, 56, 66
"Bobigny", 214, 240, 67, 79